maximum fibb with long long is n = 92

1 1
1 1
2 2
3 3
5 5
8 8
13 13
21 21
34 34
55 55
89 89
144 144
233 233
377 377
610 610
987 987
1597 1597
2584 2584
4181 4181
6765 6765
10946 10946
17711 17711
28657 28657
46368 46368
75025 75025
121393 121393
196418 196418
317811 317811
514229 514229
832040 832040
1346269 1346269
2178309 2178309
3524578 3524578
5702887 5702887
9227465 9227465
14930352 14930352
24157817 24157817
39088169 39088169
63245986 63245986
102334155 102334155
165580141 165580141
267914296 267914296
433494437 433494437
701408733 701408733
1134903170 1134903170
1836311903 1836311903
2971215073 2971215073
4807526976 4807526976
7778742049 7778742049
12586269025 12586269025
20365011074 20365011074
32951280099 32951280099
53316291173 53316291173
86267571272 86267571272
139583862445 139583862445
225851433717 225851433717
365435296162 365435296162
591286729879 591286729879
956722026041 956722026041
1548008755920 1548008755920
2504730781961 2504730781961
4052739537881 4052739537881
6557470319842 6557470319842
10610209857723 10610209857723
17167680177565 17167680177565
27777890035288 27777890035288
44945570212853 44945570212853
72723460248141 72723460248141
117669030460994 117669030460994
190392490709135 190392490709135
308061521170129 308061521170130
498454011879264 498454011879265
806515533049393 806515533049395
1304969544928657 1304969544928660
2111485077978050 2111485077978055
3416454622906707 3416454622906716
5527939700884757 5527939700884772
8944394323791464 8944394323791488
14472334024676221 14472334024676260
23416728348467685 23416728348467744
37889062373143906 37889062373144008
61305790721611591 61305790721611752
99194853094755497 99194853094755776
160500643816367088 160500643816367552
259695496911122585 259695496911123328
420196140727489673 420196140727490880
679891637638612258 679891637638614272
1100087778366101931 1100087778366105088
1779979416004714189 1779979416004719360
2880067194370816120 2880067194370824704
4660046610375530309 4660046610375544832
7540113804746346429 7540113804746369024
